2 247
239 817
257 821
65 269
164 472
375 980
123 346
231 774
200 437
213 716
31 251
126 316
163 415
238 568
81 287
158 473
194 574
105 416
250 813
153 383
177 472
212 524
61 286
198 463
180 352
255 808
137 463
232 587
267 794
169 498
0 1001
239 610
209 536
123 347
135 335
196 491
185 423
181 492
178 499
182 466
277 805
140 463
173 458
105 378
141 524
114 482
227 685
75 283
129 347
198 493
51 254
200 552
188 635
199 443
48 288
223 599
201 595
233 519
248 618
246 727
232 750
177 600
247 686
129 477
394 1090
312 837
207 677
180 607
117 441
238 787
196 585
135 425
461 1161
194 579
0 1118
138 428
186 550
256 683
239 531
167 398
95 390
268 739
53 294
106 441
61 284
0 1035
123 298
128 406
153 406
192 747
266 943
137 524
85 334
358 1004
213 790
280 1040
165 718
64 348
129 616
180 733
111 650
230 863
170 456
204 863
215 566
163 808
147 697
72 295
85 292
213 506
58 263
194 477
190 613
85 385
129 447
282 1012
194 469
211 706
228 768
118 356
87 333
164 586
45 268
236 780
219 487
193 482
204 696
265 729
0 1031
36 286
114 379
98 363
84 286
220 586
162 503
235 575
269 792
81 325
52 301
161 564
0 1190
172 392
175 445
157 443
210 745
111 359
210 713
252 820
92 319
187 398
142 336
289 790
130 444
217 650
314 895
275 881
67 268
180 446
170 587
204 619
196 616
240 791
124 398
227 598
139 368
200 409
148 333
40 276
158 415
112 300
159 413
213 476
298 747
187 366
278 985
145 478
50 270
177 437
155 552
182 527
503 1015
262 640
194 718
147 401
210 672
74 319
177 381
231 454
166 490
294 713
162 411
77 315
193 588
225 543
172 496
175 564
169 544
174 539
191 527
205 585
321 852
192 585
164 511
202 618
211 586
253 583
175 536
224 763
200 593
227 745
209 584
142 428
261 653
167 480
206 582
0 1003
0 1027
235 715
288 684
64 265
78 299
121 369
206 634
236 763
174 727
194 838
221 551
157 569
255 825
99 343
102 288
109 323
144 456
335 797
82 333
133 608
285 877
309 948
100 375
282 775
230 839
256 715
0 1257
203 531
261 994
358 1110
46 338
145 517
162 423
0 1153
217 661
229 917
316 933
308 851
182 615
181 603
104 379
138 385
144 377
92 362
325 906
99 326
128 391
135 353
146 431
135 574
240 687
98 361
0 1047
239 905
168 471
98 357
204 527
158 427
135 392
335 839
300 840
89 340
100 337
138 355
356 910
117 306
209 578
85 302
0 1035
107 304
220 779
145 383
211 578
288 657
246 546
212 654
148 462
158 442
95 319
369 922
199 700
200 568
345 887
336 878
106 341
100 339
152 547
141 438
229 741
112 357
270 804
276 759
259 729
339 861
188 566
290 792
285 704
297 800
179 411
299 811
282 743
81 296
90 306
225 747
272 732
195 496
145 378
254 904
131 381
246 893
478 1061
219 849
0 1064
92 333
129 352
99 401
103 339
164 408
68 387
195 480
415 1031
81 360
237 553
114 480
117 525
192 705
151 421
187 600
304 806
277 877
251 769
288 808
40 303
9 260
279 850
181 634
126 408
97 409
251 688
37 247
185 409
288 749
471 1153
123 363
467 1148
66 429
0 1283
442 1156
0 1392
422 1190
56 314
311 1032
285 956
237 637
304 992
261 955
158 503
233 864
302 860
264 850
0 1189
235 746
338 1021
253 934
292 740
201 865
226 729
324 1057
206 925
385 1212
286 746
315 881
226 632
153 462
281 797
287 953
123 426
309 837
336 925
65 280
408 1233
434 1721
165 424
155 484
155 676
240 954
182 464
99 384
378 1245
441 954
267 776
176 754
124 415
128 387
136 519
152 515
335 964
124 334
150 666
0 1122
154 636
255 1318
197 722
122 460
230 838
349 966
0 1180
448 1146
451 1375
167 371
145 398
291 771
457 1045
460 1045
258 699
71 284
67 314
219 703
470 1221
150 340
167 1122
275 781
239 757
240 699
254 746
211 713
292 764
119 353
0 1387
206 751
310 1070
284 1062
229 840
145 363
144 384
240 565
159 495
207 675
268 908
266 997
259 986
189 457
123 445
161 350
95 321
134 352
58 260
249 583
260 715
224 814
250 870
165 604
0 1044
209 523
103 321
68 281
90 299
0 1042
309 878
257 643
478 1171
219 503
104 317
75 289
221 645
263 669
342 928
143 370
318 761
256 725
273 696
369 953
70 286
343 870
277 745
261 718
0 1042
0 1031
0 1034
185 554
116 380
328 900
265 682
376 978
399 980
389 996
115 333
156 414
0 1013
247 863
131 451
353 932
373 921
344 771
0 1048
310 820
330 838
208 651
203 522
154 427
294 748
286 740
222 577
73 271
66 282
382 1017
381 1006
62 280
188 586
185 604
69 274
143 371
154 411
282 698
130 395
123 382
125 379
300 647
0 1026
109 349
274 714
269 702
352 926
63 290
208 759
168 552
197 629
300 785
233 706
249 769
287 721
167 555
207 773
367 824
370 824
210 541
181 445
244 584
120 376
94 304
66 286
168 473
187 849
221 613
211 635
201 553
0 1034
157 454
208 576
152 421
237 604
136 552
212 576
236 818
123 366
226 731
106 380
56 261
226 574
0 1093
203 554
348 905
243 587
256 795
268 776
0 1032
252 639
0 1042
222 571
295 850
0 1009
246 597
156 525
274 749
248 799
226 800
260 799
257 809
301 778
92 364
280 838
427 948
410 965
484 1049
244 650
175 492
217 636
244 669
244 806
245 938
321 880
215 721
246 904
284 845
437 1104
148 556
240 697
254 772
104 505
227 938
216 807
114 353
325 808
334 844
321 824
339 809
302 790
320 855
308 856
229 617
0 1046
318 806
105 429
97 330
291 769
362 987
287 671
132 400
91 342
380 863
325 837
328 765
327 799
0 1042
128 473
231 819
346 985
391 1364
348 1046
189 495
193 575
496 1089
236 504
268 634
290 758
173 418
278 724
200 428
187 377
362 995
372 983
61 288
207 482
41 253
237 538
297 732
331 811
338 805
0 1180
244 605
358 918
242 761
353 963
0 1038
191 493
191 741
256 604
242 556
0 1024
250 634
221 763
182 439
267 685
239 776
238 584
59 308
228 757
259 710
227 755
232 531
254 667
252 696
225 775
227 537
206 493
207 473
151 323
290 795
224 760
250 547
222 510
249 589
239 793
159 375
248 750
257 566
234 541
260 652
263 651
283 702
338 863
0 1013
239 556
344 957
215 535
0 1025
236 534
365 776
284 698
246 788
442 949
260 635
202 483
259 553
248 587
255 632
169 420
348 848
153 412
192 447
0 1171
299 801
351 1063
364 998
279 697
266 763
292 771
145 367
113 330
137 378
259 654
229 575
143 487
133 382
0 1064
259 597
0 1119
219 631
0 1068
235 529
146 381
220 805
266 664
225 601
126 356
378 935
335 1009
228 622
226 601
204 474
225 539
171 423
379 931
172 518
318 746
280 716
143 451
237 548
322 752
264 652
219 552
160 635
187 736
173 414
234 657
225 876
217 736
0 1108
234 872
169 471
347 962
357 919
231 594
0 1149
270 611
158 526
221 934
227 614
309 817
238 607
210 860
220 666
273 733
280 991
242 721
300 839
287 799
349 1018
348 957
283 701
151 377
126 428
297 744
278 747
221 686
216 740
302 836
205 668
232 727
0 1174
235 674
168 462
285 741
113 362
149 391
0 1033
80 287
454 1036
257 645
197 621
366 918
302 793
0 1014
239 662
248 622
287 690
140 399
347 960
0 1166
194 580
185 552
212 588
205 573
194 622
0 1080
115 380
291 780
326 1149
247 693
324 837
127 367
191 476
253 618
235 506
247 700
90 302
411 961
257 733
352 897
368 890
324 831
285 840
331 1026
220 654
0 1107
184 530
340 925
428 1077
313 838
104 343
303 775
99 382
290 830
0 1059
422 1056
253 741
251 691
257 752
224 621
0 1084
192 563
195 510
276 673
309 794
0 1033
109 337
263 676
361 965
312 872
289 804
213 821
393 984
252 754
414 1118
421 1147
402 1008
365 1017
176 485
292 804
379 974
355 946
382 952
270 666
187 601
125 401
0 1008
407 1000
116 361
130 405
129 402
371 995
188 651
112 427
0 1091
0 1082
108 355
368 969
206 441
114 374
365 1003
275 814
0 1159
353 950
0 1146
275 747
188 537
191 632
368 935
404 1080
117 349
215 885
371 1022
333 1048
348 963
346 1031
279 809
249 678
131 391
332 1034
262 779
360 1093
257 874
190 598
341 888
189 474
0 1015
278 700
356 982
95 300
54 278
142 360
123 353
286 710
275 682
85 321
275 987
255 953
125 366
110 317
401 996
138 335
297 853
202 548
199 663
273 678
97 334
80 316
0 992
36 252
0 1000
115 333
120 331
246 746
226 771
217 623
126 364
190 442
162 505
254 710
0 1030
200 697
230 598
0 1012
167 543
135 402
194 970
262 763
350 1001
251 903
233 772
189 677
283 711
250 840
84 319
290 730
59 252
118 350
189 538
343 777
294 853
85 308
80 297
83 297
396 983
0 1012
168 397
293 933
433 1098
495 1086
241 653
316 849
0 1065
173 461
284 722
119 320
76 287
287 769
301 766
276 663
284 699
170 443
120 340
149 442
143 354
174 472
326 822
0 1061
362 962
281 746
298 727
0 1022
235 737
236 697
226 720
232 723
310 825
143 327
202 353
212 377
177 446
202 506
89 285
209 514
139 340
190 357
139 360
143 444
275 541
168 442
241 595
285 762
182 432
202 497
123 290
178 667
240 658
220 587
328 856
126 292
186 455
80 306
368 953
323 840
187 505
187 498
148 417
225 574
223 588
259 718
81 307
0 1031
397 1083
201 517
226 558
0 1084
236 606
308 925
268 822
0 1114
173 511
117 399
185 521
185 608
0 1095
450 1245
265 806
274 728
274 826
104 359
225 915
272 759
77 307
149 488
101 314
108 319
250 640
81 316
87 299
0 1021
275 814
0 1031
376 967
350 889
275 570
366 967
379 954
126 318
309 753
186 470
256 698
199 507
246 557
0 1012
131 381
338 870
139 358
314 749
142 429
132 336
121 378
307 770
142 463
232 601
138 389
143 425
96 335
38 263
148 436
242 536
90 323
219 636
233 770
97 319
391 979
133 409
291 985
278 1139
144 373
223 611
134 412
0 995
33 285
289 842
128 393
137 415
137 438
153 617
191 491
264 761
232 842
274 811
225 760
263 792
247 825
0 1020
141 421
261 684
178 430
80 298
270 645
288 719
0 1028
186 490
128 338
147 473
164 454
178 456
63 288
110 336
171 425
188 506
197 559
183 480
302 837
178 361
182 455
179 466
440 1022
224 538
171 437
141 441
193 624
250 662
0 1037
315 894
233 541
182 397
182 512
249 628
278 778
282 810
191 576
92 317
188 523
178 496
200 408
285 742
362 999
0 1010
318 834
305 798
263 634
363 936
374 939
178 456
204 570
191 476
255 730
136 450
456 1020
372 985
245 656
303 636
161 363
377 966
277 715
173 424
152 415
342 756
280 699
0 1013
308 777
182 622
174 447
0 998
0 1027
175 411
107 352
195 566
308 745
270 618
149 391
186 495
167 717
169 521
168 557
179 539
146 583
152 476
141 460
79 274
87 292
98 285
142 474
0 1030
194 432
270 673
226 530
118 339
0 1080
201 541
195 554
249 670
220 630
211 408
234 592
86 310
151 500
124 427
111 318
101 350
137 429
196 477
187 482
77 287
373 952
179 445
0 1112
293 764
168 394
185 395
145 396
0 1019
144 344
0 1029
109 332
197 474
48 256
218 524
163 381
193 457
121 333
206 629
264 880
216 497
157 410
257 848
165 423
205 522
192 508
190 433
109 365
362 968
83 289
385 959
65 275
307 805
153 485
397 966
0 1033
260 869
307 869
215 544
200 510
259 716
0 1012
139 330
110 320
146 571
174 684
0 1024
204 701
187 670
0 1013
182 462
142 418
318 832
140 454
295 710
303 742
296 690
288 702
302 771
285 746
226 841
169 431
287 711
224 571
97 318
165 435
251 671
137 459
0 1016
254 754
261 670
305 767
97 323
271 641
123 374
272 700
216 711
232 717
192 470
224 795
310 785
286 713
334 888
160 488
45 252
216 648
296 857
146 461
235 869
336 918
117 319
179 521
0 1016
288 813
146 486
186 738
0 1099
239 826
245 835
132 394
197 492
216 685
390 990
314 796
270 673
294 728
154 398
184 584
193 552
360 936
256 807
0 1105
215 533
140 364
0 1086
180 401
142 507
146 375
67 268
120 395
114 395
130 428
277 704
0 1166
133 336
138 418
304 898
119 361
84 313
158 457
260 773
165 758
316 795
99 355
100 331
247 793
220 678
107 357
80 345
89 316
200 647
71 291
159 375
260 665
139 352
236 815
297 802
302 868
284 713
198 408
207 657
170 401
231 586
0 1033
0 1019
367 872
294 739
205 800
217 411
351 919
260 920
284 998
26 258
139 439
219 793
180 381
176 751
223 849
189 574
201 428
188 467
55 256
215 648
358 1004
206 737
377 952
378 950
152 462
247 840
322 812
382 1041
389 1067
391 1127
365 993
0 1031
166 655
317 862
181 368
280 745
284 791
247 678
0 1001
0 1043
435 984
0 1029
182 523
210 461
259 569
147 477
246 809
191 819
31 256
197 608
327 851
202 542
179 445
392 967
433 998
489 1029
523 1029
110 304
145 337
103 312
165 514
0 1031
135 316
103 375
220 464
52 294
130 385
0 1034
149 474
151 554
171 381
166 465
43 280
79 285
123 329
225 606
85 282
376 971
0 1083
190 620
0 1015
62 284
0 1013
172 504
170 459
105 318
333 876
142 313
329 841
344 841
168 512
181 606
245 796
244 574
143 477
101 320
334 838
197 633
156 369
240 837
131 470
26 241
155 441
127 326
214 569
0 993
107 376
193 512
179 697
217 666
241 540
171 475
232 508
60 285
275 732
92 339
283 683
164 490
68 288
149 336
140 333
96 350
204 460
82 310
151 571
168 495
207 650
241 515
27 246
244 557
106 315
0 1009
0 1030
17 238
343 856
194 429
0 1047
133 444
196 520
114 366
120 366
99 364
177 648
143 380
130 353
181 361
10 257
0 995
184 351
0 1027
252 854
162 366
209 413
0 1018
0 1026
185 425
209 489
207 380
159 415
301 747
38 252
325 847
284 748
73 254
250 686
136 410
351 808
0 1034
280 704
306 780
131 412
73 269
342 940
0 1041
166 447
369 948
171 466
371 928
230 603
115 332
142 346
49 252
166 472
183 371
115 355
56 272
378 956
279 773
290 683
195 491
339 918
198 504
28 237
152 481
213 541
0 1015
106 318
38 250
489 1059
146 506
318 719
294 693
0 999
298 701
182 506
267 663
0 996
116 413
297 682
180 461
119 331
314 796
191 532
391 983
0 1045
309 826
187 614
277 718
274 767
312 816
61 291
0 1083
238 730
109 366
273 781
0 1039
43 256
190 509
139 515
154 542
352 978
135 430
142 442
238 629
136 427
135 405
265 759
351 920
200 860
82 338
0 1061
225 558
371 1013
283 776
193 503
256 772
146 345
71 273
83 269
192 451
137 419
263 746
108 321
248 646
304 871
0 999
292 803
298 824
0 1093
176 501
183 508
67 261
62 268
72 269
297 725
57 252
143 387
91 368
139 374
0 1095
262 728
0 1092
429 1083
18 273
0 1074
7 259
0 1171
281 857
202 515
339 946
330 901
321 857
304 822
324 862
331 876
400 1108
382 976
379 992
0 1052
103 357
190 596
381 984
144 603
0 1002
283 725
234 524
137 366
257 677
198 404
0 1041
375 989
228 529
142 336
165 514
183 456
153 448
237 750
0 1055
345 978
131 313
72 277
164 503
202 477
177 478
194 493
160 511
317 864
0 1067
220 524
0 1135
0 1093
155 452
168 506
206 553
309 980
137 478
152 473
371 988
282 722
276 733
259 640
239 588
0 1044
175 516
380 1006
372 949
256 723
173 364
118 336
141 338
67 292
219 547
340 881
230 542
148 420
330 907
164 413
360 962
216 683
455 1028
215 601
333 893
247 941
191 567
181 506
163 365
247 576
0 1129
138 507
251 586
306 868
320 795
193 600
110 332
67 288
271 737
0 1211
237 932
287 742
0 1092
252 668
217 563
0 1130
0 1217
0 1048
0 1055
340 837
221 806
194 527
117 346
187 446
0 1033
37 252
274 683
36 253
0 1019
0 1080
135 400
137 379
279 639
209 664
207 759
160 605
290 830
90 328
0 1029
90 330
0 1033
0 1055
389 1056
487 1044
0 1012
249 706
305 879
67 275
0 1116
172 512
0 1293
240 608
124 378
291 906
418 1018
344 981
54 281
192 497
157 454
369 1018
168 512
141 537
486 1148
377 1134
0 1378
116 378
262 794
251 678
374 1063
188 512
80 346
146 476
319 1013
139 324
157 431
87 336
261 814
119 379
200 555
330 1008
233 790
124 332
317 1259
212 645
141 461
328 902
423 1023
279 645
175 440
344 893
201 658
191 623
221 550
299 860
106 315
187 504
208 556
202 684
375 964
276 689
116 320
138 350
83 315
56 273
399 982
194 632
325 827
279 742
0 1049
184 630
453 1043
212 495
141 360
230 560
224 458
121 341
83 291
217 569
47 271
233 713
185 555
295 756
308 649
240 590
132 372
103 333
70 288
203 516
219 716
147 460
193 493
273 762
295 739
274 907
131 411
144 414
214 504
0 1013
375 838
177 633
318 733
0 1043
149 414
149 431
74 313
139 384
383 982
132 384
357 979
0 1023
392 982
208 602
0 1027
224 808
343 871
301 774
108 348
196 489
115 320
0 1125
342 898
0 1082
476 1041
127 388
0 1028
0 1071
286 846
148 563
61 357
72 339
68 308
0 1190
230 835
322 860
64 312
83 330
50 342
32 317
77 347
97 300
230 581
157 468
396 1122
241 775
0 1204
356 1075
153 327
394 1036
234 554
480 1078
108 375
0 1202
0 1140
380 1172
0 1075
234 681
430 1236
147 805
523 1232
492 1118
138 364
151 426
279 837
171 525
130 394
209 497
0 1178
41 287
203 968
218 748
445 1163
310 984
133 369
369 1104
131 432
253 681
0 1187
285 812
0 1056
282 995
362 924
289 838
248 603
162 468
301 848
271 971
162 523
294 893
375 1083
215 603
248 735
196 451
207 510
99 337
207 491
106 310
111 372
74 309
81 328
109 389
0 1134
235 896
217 820
145 430
101 371
205 516
220 723
307 859
188 552
155 377
286 826
280 838
0 1174
168 669
191 690
265 942
316 886
77 291
217 643
295 821
141 436
263 856
290 875
295 974
186 874
217 442
255 745
119 421
153 380
272 584
74 285
310 803
217 791
105 302
127 344
0 1060
169 427
171 507
537 1058
532 1038
219 574
0 1038
139 355
307 786
299 826
457 1025
0 1044
130 353
390 992
0 1029
232 793
121 346
0 1028
173 396
251 819
122 475
275 648
231 649
213 454
69 288
161 423
130 493
261 543
129 327
531 1045
146 327
267 720
0 1025
508 1048
0 1053
58 270
296 763
325 818
0 1033
372 952
281 810
279 572
136 354
247 552
46 265
0 1032
283 778
0 1040
369 937
288 808
250 676
188 473
112 334
108 317
218 679
0 1029
309 774
0 1027
169 367
167 706
209 676
210 793
213 849
0 1141
165 633
0 1166
0 1110
0 1031
269 633
485 1043
0 1073
212 757
192 507
0 1045
204 547
140 350
123 333
289 719
116 328
0 1027
132 329
147 347
183 411
136 393
216 496
122 401
204 624
92 344
0 1034
204 631
141 422
174 364
0 1045
193 615
0 1110
188 407
137 391
321 822
141 347
145 347
376 1009
76 331
173 540
202 523
153 334
228 510
177 459
55 316
199 465
372 1045
371 1020
282 749
0 1035
0 1116
0 1053
303 768
0 1073
185 664
200 568
358 889
0 1048