194 6981
105 6780
250 6766
153 6791
177 6767
212 6783
61 6957
198 6752
180 6743
255 6742
137 6791
232 7494
267 7622
169 7490
0 7492
239 7704
209 7497
123 7640
135 7709
196 7409
185 7408
181 6931
178 6788
182 6762
277 6738
140 6728
173 6761
105 6746
141 6736
114 6745
227 6747
75 6755
129 6693
198 6669
51 6674
200 6649
188 6720
199 6771
48 7029
201 7224
233 7295
248 7326
246 6927
232 6756
177 6734
247 6757
129 6865
394 6908
312 6903
207 6858
180 6879
117 6869
238 7083
196 6987
135 6863
461 6851
194 6930
0 6887
138 6841
186 6922
256 6952
239 6955
167 6907
95 6899
268 6935
53 6950
106 6933
61 6924
0 6942
123 6927
128 6926
153 6946
192 6924
266 6908
137 6969
85 6940
358 6967
213 6964
280 6964
165 7109
64 6961
129 6942
180 6974
111 6938
230 6895
170 6899
204 6929
215 6982
163 6946
147 6948
72 6979
85 6950
213 6908
58 6898
194 6884
190 6906
85 7443
129 7003
282 6856
194 6877
211 6909
228 6955
118 6879
87 6752
164 6832
45 6886
236 6867
219 6875
193 6955
204 6996
265 6983
0 6971
36 6982
114 6971
98 6957
84 6938
220 7044
162 7424
235 6929
269 6914
81 7260
52 7097
161 7447
0 6845
172 6662
175 6818
157 7002
210 7082
111 7132
210 7316
252 7563
92 7521
187 7469
142 6748
289 6801
130 6941
217 7204
314 6907
275 6982
67 7367
180 7104
170 8299
204 7342
196 7668
240 7807
124 7874
227 7671
139 7452
200 7400
148 8094
40 7634
158 7301
112 7195
159 7370
213 7448
298 7010
187 7063
278 6971
145 7031
50 7019
177 6971
155 6952
182 6945
503 7007
262 7464
194 6967
147 6993
210 7033
74 7032
177 6984
231 6983
166 6977
294 6964
162 7286
77 7250
193 7198
225 7302
172 7376
175 7459
169 7426
174 7333
191 7800
205 7542
321 7750
192 7117
164 7017
202 7564
211 7597
253 7701
175 7372
224 7089
200 7016
227 6993
209 6971
142 7167
261 7350
167 7341
206 7298
0 7436
0 7398
235 7277
288 7135
64 7215
78 7404
121 7271
206 7593
236 7234
174 7466
194 7380
221 7140
157 7425
255 7420
99 7301
102 7324
109 7724
144 7286
335 8015
82 7401
133 7165
285 7107
309 7015
100 6890
282 6991
230 7018
256 7604
0 7613
203 7340
261 7492
358 7664
46 7262
145 7665
162 7649
0 7489
217 7535
229 7051
316 7201
308 7559
182 8259
181 7334
104 7008
138 7390
144 7431
92 7036
325 7377
99 7364
128 7518
135 7387
146 6962
135 7040
240 7057
98 7038
0 7044
239 6687
168 6623
98 6706
204 6749
158 7248
135 7082
335 7528
300 7458
89 7514
100 8203
138 7172
356 7501
117 7374
209 7381
85 7422
0 7438
107 7455
220 7515
145 7194
211 7116
288 7088
246 7272
212 7399
148 7414
158 7354
95 7423
369 7362
199 7331
200 7324
345 7039
336 7051
106 7066
100 7089
152 7034
141 7336
229 7523
112 7309
270 7232
276 7179
259 7392
339 7426
188 7274
290 7225
285 7376
297 7380
179 7359
299 7089
282 7114
81 7070
90 7050
225 7044
272 7140
195 7601
145 7828
254 7938
131 7004
246 6887
478 6852
219 6933
0 6982
92 6874
129 6871
99 6893
103 6921
164 6900
68 6891
195 6884
415 6878
81 6890
237 6879
114 6861
117 6909
192 6921
151 6888
187 6857
304 7013
277 7283
251 7251
288 7264
40 7159
9 7260
279 7205
181 7200
126 7623
97 7518
251 7422
37 7333
185 7127
288 7200
471 7103
123 7212
467 7083
66 7014
0 7093
442 7069
0 7465
422 7477
56 7462
311 7231
285 7098
237 7208
304 7220
261 7155
158 7059
233 7014
302 7027
264 7054
0 7012
235 7205
338 7170
253 7135
292 7235
201 7253
226 7181
324 7183
206 7201
385 7087
286 6937
315 7056
226 7288
153 8069
281 7448
287 7066
123 7630
309 7854
336 7187
65 7060
408 7042
434 7217
165 7127
155 7039
155 7010
240 7057
182 7036
99 7043
378 7054
441 7030
267 7023
176 7071
124 7117
128 7039
136 7023
152 7002
335 7019
124 6989
150 7013
0 7038
154 7103
255 7221
197 8051
122 7689
230 7645
349 7157
0 7592
448 7597
451 7754
167 7432
145 7214
291 7111
457 7049
460 7071
258 7853
71 7180
67 7142
219 7153
470 7147
150 7151
167 7183
275 7369
239 7218
240 7076
254 7068
211 7052
292 7073
119 7099
0 7110
206 7070
310 7135
284 7795
229 7362
145 7057
144 7050
240 7048
159 7389
207 8221
268 7317
266 7362
259 7240
189 7344
123 7547
161 7551
95 7559
134 8224