2 540
10709 377
11559 479
4274 555
9791 490
15781 440
3759 273
10744 378
12020 478
10227 381
455 251
5707 510
10342 361
1630 255
6934 508
10245 362
1926 542
6819 319
10525 361
13775 475
7370 489
13725 467
7255 311
13687 473
11677 368
10504 379
10001 362
8264 334
11663 477
10115 379
0 560
13369 456
9980 372
5573 295
5720 516
13807 552
11816 498
10120 361
10040 425
13688 524
11708 502
10002 420
7512 476
10138 366
6844 315
6754 300
17234 419
6636 493
5528 506
7224 330
6183 488
10075 364
7005 319
12496 408
4177 508
3469 270
3394 268
1151 570
13291 475
10246 490
3192 539
11292 380
10102 370
7308 324
14483 393
8757 331
6995 349
10684 380
10156 367
3293 520
10072 346
10376 355
14702 432
7225 540
0 596
10520 397
8084 538
8969 368
3280 612
11886 524
7125 312
11627 530
6930 554
5832 332
380 570
0 587
10257 405
9858 365
9901 382
822 584
8840 319
9817 522
5766 302
15804 461
11298 562
14017 500
6910 400
6261 606
5038 539
6186 323
5814 699
10242 700
10134 501
8461 394
13641 586
6811 494
6883 400
6111 538
6419 430
13836 573
4465 382
8012 529
10043 351
5962 328
9869 390
9162 357
13946 480
10117 384
11732 504
5631 316
7119 339
11160 390
179 254
11570 491
12029 497
1063 258
10194 371
11588 510
0 569
6108 559
7308 362
3631 297
6743 523
13600 488
10191 385
13224 386
8786 334
5909 522
6014 569
11745 595
0 620
11761 438
4129 626
9903 397
6997 335
7321 340
9175 494
13324 500
5668 702
13870 573
11953 593
13253 511
9853 354
11125 541
13127 414
11669 527
6242 318
11997 393
11268 399
11065 420
11129 493
8395 332
10351 346
12570 394
3753 589
13802 489
5734 540
4751 551
10283 389
5791 560
5892 278
6608 315
14110 456
12037 524
9090 371
10047 374
6047 530
11926 364
8484 349
3551 265
14767 404
13307 466
8437 477
10482 366
11246 474
6292 488
10159 369
12408 465
6802 294
13225 474
10152 364
6395 511
3217 261
13809 475
3507 269
10880 381
10063 490
1773 255
6267 286
6431 290
16618 407
6272 300
6792 286
6222 287
6437 279
13236 399
10845 483
980 531
6161 293
10307 491
11103 367
10817 363
8997 493
6816 288
3030 268
0 534
0 546
2630 515
14066 459
6878 499
6775 500
4304 524
7040 313
11716 504
7001 304
8861 347
13485 458
6859 316
11636 489
6003 496
6492 313
5980 521
10503 347
16940 428
482 537
6854 318
11679 477
16554 425
6869 315
14217 459
8515 345
8965 333
0 537
12017 473
11645 492
15785 404
7275 309
4281 523
4192 542
0 540
3022 254
10703 371
3578 261
3568 256
6927 285
6931 283
4312 523
4179 538
4093 523
6379 506
3585 268
6311 508
7311 316
3799 277
4380 517
6842 335
3404 265
6434 507
0 552
9064 352
7472 331
5997 516
8195 479
7487 315
6016 300
3520 270
3448 270
3915 521
6255 504
6404 513
16699 427
10256 359
8243 490
6784 507
0 554
6497 312
2814 256
4233 523
8301 489
17137 426
13301 395
2669 292
2469 296
2509 537
6309 520
16755 425
1043 320
6255 272
16716 429
16741 440
3701 522
3702 538
8222 476
2554 269
3262 522
3718 270
8721 351
8934 329
8734 334
16584 425
10063 366
8713 347
17299 411
8742 335
12044 467
16905 408
17202 414
3940 522
5726 299
2823 524
17036 413
6713 295
10270 342
8994 346
4816 516
8983 349
14728 396
849 524
0 537
6846 321
5520 299
6737 315
7281 298
4149 507
398 237
12399 383
14524 396
7055 300
12147 378
2329 522
2332 539
8090 490
11687 460
8085 490
14145 446
13577 395
1645 519
16132 443
6057 300
6043 488
17146 428
11274 476
2567 528
6365 506
9221 499
4003 271
11845 377
13047 383
14749 392
6391 495
14740 400
6152 502
0 534
14559 397
0 537
14530 443
6219 513
16047 437
17059 414
12309 460
17461 412
16408 427
5859 287
16912 428
16881 412
3107 267
0 537
2720 524
17136 426
17166 427
17188 426
8398 338
3393 262
14081 461
13631 460
14469 446
17182 483
14061 452
13510 445
10099 362
16159 412
16156 427
7326 319
13977 456
13636 468
6834 506
15970 446
14724 439
4386 522
4339 521
4205 522
11566 492
6141 282
6267 494
15103 455
14653 396
13185 377
7237 327
4109 513
4095 520
7208 317
7176 325
16119 429
5748 510
7238 317
0 539
10768 489
16440 401
6433 298
4266 522
3263 529
14039 442
0 535
14593 396
14595 395
11848 473
5935 286
3419 266
14670 396
14676 395
1652 251
6724 509
6769 487
8290 343
14587 387
10234 362
3254 525
11610 487
11202 491
11495 491
11330 490
11328 477
16219 430
3711 510
0 536
11264 461
8834 320
8750 366
8502 333
11666 378
5053 267
13297 395
9891 521
10090 363
8778 490
8800 489
8866 340
13835 457
4062 520
5316 270
7275 317
3784 288
6801 486
13312 378
11448 475
8723 335
8852 346
9930 364
0 533
12521 476
6064 300
6077 510
5706 299
0 536
13924 446
13291 473
14662 442
1360 538
5714 302
4470 270
1710 253
1722 541
16670 425
3748 266
13609 381
8791 337
17224 407
15810 428
6525 300
16742 427
3385 253
3360 269
0 520
0 524
0 541
6765 290
4247 515
13905 460
17304 409
15897 444
16186 446
16188 428
4114 519
4079 535
0 581
8881 375
10552 364
15323 429
15782 415
16152 453
0 550
16675 444
16787 449
3238 556
6057 291
6060 276
17212 412
17204 442
7990 514