2 239
239 867
257 842
65 269
164 514
375 969
123 349
231 855
200 473
213 768
31 253
126 318
163 454
238 626
81 287
158 524
194 634
105 426
250 885
153 413
177 508
212 571
61 291
198 499
180 383
255 876
137 517
232 644
267 870
169 529
0 998
239 674
209 601
123 381
135 328
196 527
185 472
181 524
178 541
182 532
277 874
140 501
173 489
105 433
141 668
114 638
227 743
75 270
129 349
198 548
51 255
200 628
188 888
199 505
48 272
223 704
201 688
233 587
248 669
246 793
232 838
177 651
247 719
129 482
394 977
312 879
207 920
180 605
117 453
238 937
196 633
135 392
461 987
194 542
0 1014
138 461
186 518
256 731
239 653
167 446
95 327
268 791
53 255
106 367
61 265
0 998
123 315
128 422
153 434
192 981
266 799
137 440
85 302
358 952
213 747
280 706
165 893
64 305
129 413
180 735
111 377
230 852
170 464
204 855
215 627
163 988
147 987
72 302
85 324
213 633
58 309
194 556
190 644
85 349
129 486
282 1100
194 509
211 830
228 930
118 394
87 341
164 637
45 255
236 842
219 557
193 595
204 899
265 1033
0 1193
36 326
114 425
98 435
84 338
220 638
162 601
235 770
269 962
81 483
52 317
161 478
0 1424
172 486
175 543
157 582
210 1098
111 506
210 698
252 681
92 295
187 478
142 342
289 758
130 428
217 709
314 871
275 882
67 412
180 610
170 732
204 828
196 713
240 979
124 482
227 939
139 491
200 543
148 431
40 333
158 515
112 372
159 431
213 520
298 790
187 406
278 1102
145 564
50 299
177 497
155 639
182 618
503 1004
262 700
194 872
147 483
210 1102
74 297
177 462
231 530
166 562
294 787
162 476
77 331
193 845
225 667
172 637
175 689
169 634
174 674
191 660
205 693
321 913
192 612
164 604
202 712
211 703
253 696
175 668
224 1019
200 668
227 810
209 651
142 476
261 792
167 560
206 681
0 1051
0 1084
235 865
288 712
64 304
78 304
121 416
206 1198
236 939
174 978
194 1109
221 688
157 1120
255 1016
99 457
102 326
109 424
144 601
335 984
82 419
133 1170
285 936
309 926
100 350
282 793
230 990
256 794
0 1039
203 542
261 967
358 983
46 275
145 448
162 452
0 980
217 682
229 879
316 943
308 1001
182 635
181 697
104 419
138 428
144 399
92 364
325 1020
99 328
128 437
135 400
146 492
135 920
240 883
98 388
0 1067
239 942
168 487
98 367
204 536
158 470
135 414
335 984
300 1043
89 371
100 359
138 388
356 987
117 314
209 655
85 326
0 1045
107 288
220 821
145 408
211 633
288 713
246 596
212 773
148 534
158 513
95 314
369 905
199 998
200 604
345 944
336 911
106 333
100 332
152 574
141 490
229 936
112 369
270 886
276 850
259 805
339 879
188 623
290 866
285 712
297 873
179 423
299 849
282 762
81 283
90 300
225 770
272 820
195 526
145 397
254 916
131 419
246 994
478 1011
219 964
0 999
92 333
129 361
99 413
103 352
164 442
68 271
195 495
415 1005
81 332
237 601
114 496
117 511
192 588
151 459
187 595
304 1247
277 761
251 824
288 959
40 255
9 256
279 1026
181 1176
126 514
97 548
251 867
37 337
185 397
288 958
471 1211
123 604
467 1344
66 373
0 1344
442 1121
0 998
422 1048
56 323
311 859
285 845
237 761
304 849
261 1028
158 474
233 824
302 898
264 901
0 1060
235 823
338 838
253 745
292 914
201 868
226 927
324 1150
206 633
385 1071
286 730
315 874
226 729
153 533
281 795
287 908
123 378
309 1161
336 919
65 269
408 984
434 1032
165 509
155 469
155 723
240 861
182 533
99 351
378 1013
441 991
267 626
176 598
124 388
128 380
136 476
152 486
335 824
124 384
150 523
0 1110
154 621
255 765
197 700
122 399
230 963
349 995
0 1062
448 1098
451 1037
167 477
145 503
291 1022
457 1134
460 1167
258 797
71 291
67 271
219 767
470 1211
150 415
167 1146
275 920
239 748
240 756
254 818
211 840
292 819
119 433
0 1081
206 774
310 1044
284 894
229 931
145 396
144 395
240 620
159 528
207 700
268 967
266 1013
259 933
189 388
123 358
161 366
95 332
134 355
58 248
249 619
260 779
224 856
250 910
165 629
0 998
209 571
103 318
68 270
90 301
0 1009
309 883
257 680
478 1030
219 536
104 300
75 286
221 702
263 774
342 987
143 492
318 776
256 897
273 794
369 956
70 291
343 942
277 951
261 922
0 1126
0 1183
0 1304
185 655
116 442
328 1087
265 960
376 1163
399 1249
389 1070
115 341
156 501
0 1078
247 981
131 539
353 1166
373 980
344 869
0 1058
310 898
330 1056
208 919
203 648
154 591
294 1126
286 847
222 652
73 288
66 295
382 1428
381 1224
62 275
188 701
185 681
69 271
143 423
154 426
282 875
130 622
123 665
125 635
300 732
0 1076
109 387
274 825
269 787
352 956
63 285
208 843
168 608
197 670
300 797
233 688
249 674
287 765
167 584
207 967
367 1341
370 1261
210 619
181 503
244 665
120 443
94 317
66 310
168 547
187 879
221 684
211 663
201 601
0 1011
157 506
208 617
152 459
237 706
136 836
212 725
236 1248
123 382
226 832
106 434
56 285
226 653
0 1035
203 613
348 920
243 698
256 890
268 877
0 1144
252 748
0 1055
222 655
295 915
0 1006
246 677
156 743
274 824
248 847
226 995
260 868
257 890
301 825
92 378
280 903
427 954
410 948
484 1081
244 727
175 554
217 672
244 748
244 854
245 855
321 814
215 696
246 839
284 847
437 1007
148 636
240 684
254 775
104 376
227 809
216 814
114 361
325 845
334 852
321 858
339 1007
302 856
320 858
308 865
229 761
0 1048
318 887
105 419
97 375
291 816
362 1004
287 679
132 424
91 334
380 868
325 774
328 775
327 771
0 1052
128 596
231 956
346 1013
391 971
348 915
189 496
193 548
496 1012
236 503
268 644
290 719
173 374
278 692
200 459
187 401
362 968
372 949
61 298
207 564
41 282
237 668
297 842
331 909
338 931
0 1120
244 839
358 1053
242 855
353 982
0 1134
191 606
191 825
256 708
242 651
0 1012
250 667
221 843
182 495
267 721
239 840
238 636
59 301
228 834
259 805
227 845
232 580
254 762
252 802
225 841
227 613
206 541
207 596
151 392
290 942